05102009081
05102009082
05102009083
05102009101
05102009102
05102009103
05102009104
05102009105
05102009106
05102009108
05102009110
05102009111
05102009114
05102009115
05102009117
05102009118
05102009119
05102009120
05102009121
05102009122
05102009123
05102009124
05102009125
05102009126
05102009127
05102009129
05102009131
05102009132
05102009133
05102009134
05102009135
05102009137
05102009138
05102009139
05102009140
05102009141
05102009142
05102009143
05102009144
05102009145
05102009146
05102009148
05102009149
05102009150
05102009151
05102009152
05102009153
05102009154
05102009155
05102009156
05102009157
05102009158
05102009159
05102009160
05102009161
05102009162
05102009163
05102009164
05102009165
05102009166
05102009168
05102009169
05102009170
05102009171
05102009172
05102009173
05102009175
05102009176
05102009177
05102009178
05102009179
05102009180
05102009183
05102009184
05102009185
05102009186
05102009187
05102009189
05102009190
05102009191
05102009192
05102009193
05102009194
05102009195
05102009196
05102009197
05102009198
05102009199
05102009200
05102009201
05102009202
05102009203
05102009205
05102009206
05102009207
05102009208
05102009209
05102009210
05102009211
05102009212
05102009213
05102009214
05102009215
05102009216
05102009218
05102009219
05102009220
05102009222
05102009223
05102009224
05102009225
05102009226
05102009227
05102009228
05102009229
06102009240
06102009241
06102009243
06102009244
06102009245
06102009246
06102009247
06102009248
06102009249
06102009250
06102009251
06102009252
06102009253
06102009255
